<?xml version="1.0" encoding="utf-8"?>
<Parameters>
	<!--GENERAL SAMPLE MICROSTRUCTURE-->
	<WhatToDo>2</WhatToDo>
	<!-- 0 nothing-->
	<!-- 1 singlecrystalline pillar-->
	<!-- 2 bicrystal with defined boundary with triangle mesh loaded from GBTriangleSurface-->
	<GBModel>2</GBModel>
	<!-- 0 nothing-->
	<!-- 1 from GBTriangleSurface explicit mesh-->
	<!-- 2 simple plane with given normal and point-->
	<GBTriangleSurface>GB_250000.vtk</GBTriangleSurface>
	<!-- a list of triangles and their vertices defining the grain boundary plane-->
	<GBPlaneNormal>-0.8873;0.4449;-0.1216</GBPlaneNormal>
	<!-- components of the -0.8873;0.4449;-0.1219 boundary normal-->
	<GBPointOnPlane>0.0;0.0;0.0</GBPointOnPlane>
	<!-- a point on this boundary which is at the same time in the coordinate center-->
	<!-- boundary was shifted because real boundary exists dataset 60 nm deep in tip volume-->
	<GBBoundaryThickness>0.1</GBBoundaryThickness>
	<!-- not used at the moment-->
	
	<!--GENERAL TIP GEOMETRY-->
	<CylinderHeight>69.0</CylinderHeight>
	<CylinderRadius>69.0</CylinderRadius>	
	<!-- in nanometer, the cylinder through which the boundary cuts and from which we cut the tip-->
	<LatticeConstant>0.405</LatticeConstant>
	<!-- in nanometer-->
	
	<!--ORIENTATION INPUT-->
	<OriParameterization>3</OriParameterization>
	<!-- 0 nothing-->
	<!-- 1 axis-angle-->
	<!-- 2 Euler-->
	<!-- 3 orimatrix-->
	<AxisAngleSX>1.0;0.0;0.0;0.0</AxisAngleSX>
	<!--axis-angle parameterized orientation of singlecrystalline pillar-->
	<!-- a positive 0.5deg active rotation about x then y then z is applied-->
	<BungeEulerGrain1>0.0;0.0;0.0</BungeEulerGrain1>
	<BungeEulerGrain2>10.0;0.0;0.0</BungeEulerGrain2>
	<!-- Bunge Euler angle notation orientation of the adjoining grains separated by the boundary-->
	<!--<OMGrain1>-0.9238532;-0.35945523;0.13152905;0.36735857;-0.73619806;0.56840582;-0.1074796;0.573456139;0.812116579</OMGrain1>-->
	<!--<OMGrain2>0.2140449;-0.97396431;0.07463923;0.31938075;0.141983661;0.93692933;-0.9231381;-0.17669742;0.34145718</OMGrain2>-->
	<OMGrain1>0.61515336;-0.27983533;0.73708282;-0.1681144;0.866822714;0.4694005;-0.7702638;-0.41265991;0.48618784</OMGrain1>
	<OMGrain2>0.83938539;0.428318933;0.33457284;-0.4491523;0.20070211;0.87076033;0.30601317;-0.88116792;0.36034369</OMGrain2>
	<!-- components of rotation matrix a11, a12, a13, a21, a22, a23, a31, a32, a33-->
	

	<!--VISUALIZATION OPTIONS-->
	<IOBoundary>0</IOBoundary>
	<!-- show triangle strip representing the boundary-->
	<IOAtoms>1</IOAtoms>
	<!-- show atom positions-->
	<!--0 specifies off, 1 on-->
	
	<!--SINGLECRYSTALLINE SETTINGS-->
	<!--in nanometer-->
	<SXFrustHeight>15.0</SXFrustHeight>
	<SXFrustRadiusB>23.58</SXFrustRadiusB>
	<SXFrustRadiusT>22.4</SXFrustRadiusT>
	<!-- shank angle 4 dot 5 degree top height 9 dot 3 -->	
	<SXBlowup>2.0</SXBlowup>
	<SXBaseEpsilon>0.2</SXBaseEpsilon>
	<!--concial frustum with currently a halfsphere on top-->
	
	<!--DEFAULT SETTINGS WITH NO IMMEDIATE RELEVANCE FOR USER OR FUNCTIONALITY-->
	<PRNGSeed>1234</PRNGSeed>
	<PRNGDiscard>700000</PRNGDiscard>
	<!--MersenneTwister warmup see Matsumoto and Saito and LEcuyer-->
	<PRNGThinning>0.05</PRNGThinning>
	<!--1.0 nothing kicked out, 0.0 everythin kicked out-->
	<TAPSIMVacIndex>0</TAPSIMVacIndex>
	<TAPSIMBaseIndex>2</TAPSIMBaseIndex>
	<TAPSIMTipIndex>10</TAPSIMTipIndex>
</Parameters>
